<<<<<<< HEAD
Results
=======
HAMRA Simulation 1.5
Simulation_Id;State;Init_Time;SetState_Time;Update_Time
1;Idle;0.00125312805176;0.0456690788269;0.0453550815582
2;Preparedness;0.00125312805176;0.155951023102;0.155615091324
3;Warning;0.00125312805176;0.33032989502;0.330018997192
4;Crisis;0.00125312805176;0.00804686546326;0.00770092010498
5;Warning;0.00125312805176;0.317491054535;0.317155838013
6;Idle;0.00125312805176;0.0445580482483;0.0442500114441
7;Crisis;0.00125312805176;0.0120131969452;0.0116550922394
8;Preparedness;0.00125312805176;0.154525995255;0.154192209244
9;Warning;0.00125312805176;0.312094926834;0.311689853668
10;Idle;0.00125312805176;0.0560369491577;0.0557279586792
11;Crisis;0.00125312805176;0.0101058483124;0.00979399681091
12;Preparedness;0.00125312805176;0.148514986038;0.148183107376
13;Preparedness;0.00125312805176;0.158035039902;0.157700061798
14;Crisis;0.00125312805176;0.0110769271851;0.0104339122772
15;Warning;0.00125312805176;0.314543962479;0.314231872559
16;Idle;0.00125312805176;0.0516939163208;0.0510530471802
17;Idle;0.00125312805176;0.0502951145172;0.0499889850616
18;Preparedness;0.00125312805176;0.146130084991;0.145818948746
19;Idle;0.00125312805176;0.0498869419098;0.0495657920837
20;Idle;0.00125312805176;0.0482041835785;0.0478291511536
21;Idle;0.00125312805176;0.0446569919586;0.044331073761
22;Preparedness;0.00125312805176;0.143874883652;0.14354801178
23;Crisis;0.00125312805176;0.0136339664459;0.0132989883423
24;Warning;0.00125312805176;0.318975925446;0.318665981293
25;Preparedness;0.00125312805176;0.153547048569;0.153198003769
26;Warning;0.00125312805176;0.305840015411;0.30549120903
27;Crisis;0.00125312805176;0.00755596160889;0.00721883773804
28;Preparedness;0.00125312805176;0.145539045334;0.145228862762
29;Warning;0.00125312805176;0.314877033234;0.314523935318
30;Preparedness;0.00125312805176;0.146289825439;0.145957946777
31;Crisis;0.00125312805176;0.00984501838684;0.00950908660889
32;Idle;0.00125312805176;0.0497710704803;0.0494649410248
33;Preparedness;0.00125312805176;0.152974843979;0.152663946152
34;Warning;0.00125312805176;0.365539073944;0.365211963654
35;Crisis;0.00125312805176;0.012011051178;0.0116920471191
36;Crisis;0.00125312805176;0.00714206695557;0.00683212280273
37;Idle;0.00125312805176;0.0446829795837;0.0443539619446
38;Preparedness;0.00125312805176;0.149899959564;0.149569988251
39;Crisis;0.00125312805176;0.0106451511383;0.0103330612183
40;Warning;0.00125312805176;0.318788051605;0.318417072296
41;Idle;0.00125312805176;0.0473229885101;0.0469779968262
42;Preparedness;0.00125312805176;0.145513057709;0.14520406723
43;Crisis;0.00125312805176;0.0123400688171;0.0117321014404
44;Warning;0.00125312805176;0.336277008057;0.335966110229
45;Warning;0.00125312805176;0.306667804718;0.30633687973
46;Warning;0.00125312805176;0.30753493309;0.307227134705
>>>>>>> be712d2cb167f3d1631dccbf6114d4a6fe265bf1
